0
4
5
6
6
11
14
14
14
26
31
34
41
67
76
81
130
145
161
183
221
277
320
385
460
556
626
777
963
1077
1189
1356
1500
1758
2031
2457
2845
3264
3967
4361
5003
5487
5929
6514
7094
7730
8420
9050
10012
10843
11754
12836
14131
15292
16767
17878
19292
20961
22540
24445
26408
28002
30236
34248
36786
39268
42300
45413
48544
51824
54400
57685
60697
64282
67716
70887
82622
86925
91853
95735
1.00E+05
1.04E+05
1.08E+05
1.13E+05
1.19E+05
1.24E+05
1.29E+05
1.35E+05
1.41E+05
1.47E+05
1.54E+05
1.62E+05
1.70E+05
1.80E+05
1.88E+05
1.94E+05
2.05E+05
2.14E+05
2.28E+05
2.37E+05
2.48E+05
2.59E+05
2.72E+05
2.86E+05
2.96E+05
3.10E+05
3.22E+05
3.35E+05
3.48E+05
3.60E+05
3.80E+05
3.94E+05
4.09E+05
4.25E+05
4.40E+05
4.57E+05
4.77E+05
4.96E+05
5.16E+05
5.36E+05
5.54E+05
5.72E+05
5.93E+05
6.14E+05
6.37E+05
6.54E+05
6.78E+05
7.00E+05
7.25E+05
7.52E+05
7.84E+05
8.17E+05
8.50E+05
8.87E+05
9.19E+05
9.53E+05
9.89E+05
1.02E+06
1.06E+06
1.10E+06
1.15E+06
1.19E+06
1.23E+06
1.28E+06
1.33E+06
1.38E+06
1.43E+06
1.48E+06
1.53E+06
1.58E+06
1.64E+06
1.70E+06
1.75E+06
1.81E+06
1.86E+06
1.92E+06
1.98E+06
2.04E+06
2.10E+06
2.16E+06
2.22E+06
2.28E+06
2.34E+06
2.40E+06
2.47E+06
2.52E+06
2.58E+06
2.65E+06
2.71E+06
2.77E+06
2.84E+06
2.90E+06
2.97E+06
3.03E+06
3.10E+06
3.18E+06
3.25E+06
3.32E+06
3.40E+06
3.47E+06
3.54E+06
3.62E+06
3.70E+06
3.78E+06
3.86E+06
3.94E+06
4.02E+06
4.11E+06
4.21E+06
4.30E+06
4.39E+06
4.49E+06
4.58E+06
4.67E+06
4.75E+06
4.85E+06
4.94E+06
5.01E+06
5.10E+06
5.18E+06
5.27E+06
5.35E+06
5.43E+06
5.51E+06
5.58E+06
5.66E+06
5.74E+06
5.82E+06
5.90E+06
5.99E+06
6.07E+06
6.15E+06
6.22E+06
